3901.08 0.31 176.22 2250.12 0.08
2171.88 0.72 995.89 3197.95 0.32
2376.06 0.92 1109.00 3300.96 0.34
2521.79 0.87 861.51 3171.01 0.28
2598.78 0.82 363.50 2796.19 0.13
-nan 3.00 291.01 3326.23 0.09
3903.43 0.82 1127.95 3328.95 0.35
4256.62 0.90 1509.90 3319.37 0.47
3142.03 0.60 472.80 3310.83 0.14
2400.71 0.92 808.40 3222.47 0.25
4568.51 1.08 688.10 2620.25 0.27
3238.83 1.66 2246.12 4132.73 0.57
4755.76 1.45 720.25 3027.13 0.24
3669.36 1.94 2549.44 4329.03 0.63
4808.23 0.90 1303.64 3165.75 0.42
4245.45 1.14 2065.61 3600.48 0.61
2226.78 0.70 252.12 2844.03 0.09
3443.61 1.39 2156.81 3873.78 0.59
4971.18 1.70 3459.55 4808.10 0.80
4385.23 1.27 800.01 2849.76 0.28
4078.61 1.91 3428.79 4799.76 0.80
4843.37 2.03 3093.60 4740.04 0.71
2112.80 0.58 672.21 3156.15 0.21
2589.61 0.52 132.40 3314.37 0.04
3759.41 0.90 1389.57 3323.80 0.43
4423.11 1.59 2816.72 4400.71 0.69
3076.79 1.11 571.02 2894.42 0.20
2066.92 1.12 309.15 3042.10 0.10
4526.14 1.42 788.45 3021.62 0.26
3446.57 1.96 2451.51 4278.49 0.61
4834.38 0.80 1122.75 2987.76 0.39
4085.78 0.85 853.35 2817.55 0.31
2591.74 0.90 967.30 3354.07 0.29
2723.67 1.18 1519.13 3511.64 0.45
4018.00 1.34 2026.17 3782.50 0.57
2268.80 1.19 415.19 3047.02 0.14
4236.72 1.46 814.48 3085.96 0.27
2949.53 1.89 2183.97 4222.10 0.54
4183.85 0.70 952.86 3061.43 0.32
4464.68 0.92 1289.29 3181.20 0.42
2226.75 0.83 731.19 3219.48 0.23
3656.53 1.02 523.85 2705.39 0.19
4087.38 1.27 1588.01 3388.85 0.49
2289.23 1.19 409.48 3047.26 0.13
4384.73 1.73 2100.91 3952.56 0.56
2618.06 1.35 214.17 3119.76 0.07
4987.95 0.42 654.96 2940.55 0.22
3286.83 0.55 276.91 2526.33 0.11
2391.09 0.91 915.82 3283.17 0.28
2511.90 0.89 372.88 2870.58 0.13
3281.98 1.20 1406.06 3488.35 0.41
4332.83 1.27 701.20 2833.04 0.25
2448.08 1.28 441.16 3085.36 0.14
3205.45 1.96 2762.91 4419.36 0.68
4674.81 0.84 1427.45 3223.67 0.46
2033.61 0.75 892.61 3227.99 0.28
4853.35 1.15 2120.93 3674.34 0.62
2463.71 1.13 1465.23 3447.40 0.44
3735.46 1.58 2615.65 4172.57 0.68
2375.39 1.51 1799.69 3712.56 0.51
2688.00 1.36 531.13 3121.51 0.17
2925.03 1.80 1769.63 3943.01 0.47
4971.14 0.58 397.45 2008.55 0.20
1627.61 0.56 151.47 2954.04 0.05
2645.59 1.01 1345.18 3364.43 0.41
4008.05 1.29 1877.01 3699.66 0.53
-nan 1.53 35.40 3324.78 0.01
2669.75 1.18 159.68 3008.86 0.05
2513.31 1.31 457.84 3100.18 0.15
2946.57 1.48 607.59 3189.75 0.19
4516.55 0.46 49.49 2585.63 0.02
3384.25 0.76 792.98 2812.64 0.29
2367.18 1.01 1229.88 3360.94 0.37
4992.99 1.37 2037.08 3843.53 0.56
4968.31 1.58 2428.77 4082.81 0.64
3083.94 1.66 2443.17 4084.06 0.64
4908.93 1.48 727.74 3029.55 0.24
3110.35 1.92 2367.18 4331.68 0.58
3665.33 0.68 901.75 3140.73 0.29
2085.78 0.54 583.47 3141.82 0.19
3603.09 0.97 1477.86 3370.75 0.45
4613.38 1.30 2058.91 3775.36 0.58
2400.03 1.28 1284.26 3532.65 0.37
2535.96 1.15 423.77 3011.46 0.14
3514.40 1.44 646.99 3117.25 0.21
3708.60 1.91 2547.28 4295.43 0.63
3440.70 0.55 330.12 2460.24 0.13
2378.62 0.88 1064.78 3290.19 0.33
4069.00 1.16 1710.45 3623.15 0.49
3956.33 0.54 882.29 2986.90 0.30
3752.15 0.53 796.58 3024.79 0.27
3080.72 0.81 942.61 3204.53 0.30
1669.33 0.95 998.32 3305.66 0.31
3747.22 1.27 2047.24 3740.52 0.58
2559.78 1.13 562.06 3000.02 0.19
4090.54 1.02 50.73 3330.24 0.02
4228.48 1.70 2353.81 4212.96 0.59
3206.85 1.99 2756.66 4444.07 0.67
3465.24 0.51 412.01 2439.38 0.17
2310.69 0.60 502.65 3236.75 0.16
3930.19 0.66 430.58 2403.37 0.18
3292.64 0.96 516.72 2736.90 0.19
2141.22 0.89 281.90 2942.85 0.10
3594.57 1.62 2607.70 4205.31 0.67
4671.13 1.91 3337.24 5092.53 0.71
4977.93 1.60 827.58 3211.03 0.26
3258.54 0.88 1142.28 3356.70 0.35
2427.60 0.72 706.22 3172.41 0.22
4853.48 0.92 1312.81 3116.32 0.43
4147.96 1.24 1416.63 3182.04 0.46
2231.62 0.99 149.04 2969.50 0.05
4338.48 1.63 2277.21 3953.35 0.61
3993.21 1.80 2374.82 4158.08 0.61
4875.66 2.27 4264.67 5716.10 0.84
2343.95 0.52 539.05 3195.03 0.17
3820.60 0.83 1163.77 3217.26 0.37
3776.16 0.94 932.64 2899.66 0.33
2353.11 1.07 923.18 3333.11 0.28
2222.79 0.10 92.45 3044.88 0.03
1215.70 0.41 95.80 3019.65 0.03
3648.95 0.65 396.52 2457.40 0.16
2932.75 0.91 732.03 3093.14 0.24
2385.06 1.22 1410.60 3502.32 0.41
-nan 0.44 424.16 3323.62 0.13
3111.38 1.05 69.53 3329.30 0.02
2454.07 1.34 623.76 3124.93 0.20
3722.60 2.07 3222.98 4779.17 0.74
3331.90 0.25 29.36 3315.03 0.01
3085.22 0.86 871.02 3024.92 0.29
3973.96 0.99 1310.35 3212.90 0.42
2282.38 1.00 365.80 2963.76 0.12
4359.93 1.50 2253.48 3944.65 0.61
4319.27 1.65 3015.06 4487.52 0.74
4689.38 1.43 933.72 3021.18 0.31
3416.59 1.95 2834.29 4500.77 0.68
3809.19 0.53 273.86 2371.02 0.12
2811.43 0.66 858.21 3150.79 0.28
4957.78 0.81 616.87 2237.93 0.28
1767.07 0.78 270.62 2974.81 0.09
3821.86 1.52 2327.91 4134.25 0.60
4471.02 0.27 178.89 2093.20 0.09
1490.53 0.72 645.97 3239.47 0.20
2433.66 0.35 174.76 3323.11 0.05
3605.18 1.02 1168.16 3388.31 0.35
4344.55 1.19 1707.34 3514.15 0.51
2224.26 1.12 1351.73 3413.51 0.41
3093.62 1.18 377.41 2949.15 0.13
4522.74 1.67 2030.24 3861.68 0.55
3617.46 1.93 2518.68 4260.04 0.63
3426.95 0.66 817.00 3024.64 0.27
2346.27 0.58 221.82 2765.90 0.08
3618.27 1.23 1939.70 3697.47 0.55
2422.47 1.20 1449.93 3513.87 0.43
4130.17 1.05 501.71 2662.47 0.19
3539.46 1.67 1930.75 3956.27 0.51
2772.20 1.71 1974.98 4025.32 0.51
4923.42 2.09 4309.40 5513.37 0.90
4379.89 0.68 448.35 2318.00 0.19
2317.93 0.66 282.20 2799.75 0.10
-nan 1.72 146.94 7676.72 3.12
3085.39 1.27 1844.19 3643.21 0.53
2403.45 0.86 431.38 3322.97 0.13
4728.37 1.69 2747.99 4316.20 0.69
2651.63 1.31 491.18 3095.86 0.16
4660.14 1.48 825.30 3064.45 0.27
3326.51 0.50 310.65 2472.14 0.13
1539.80 0.82 729.64 3261.91 0.23
4804.44 0.81 601.57 2295.21 0.27
2182.18 0.89 404.54 2928.29 0.14
1516.91 0.91 64.87 3052.55 0.02
3745.85 1.21 526.37 2875.19 0.18
4232.54 1.83 3259.71 4749.54 0.76
4836.78 2.19 4315.20 5587.79 0.88
2152.96 0.32 98.30 2763.54 0.04
2430.38 0.72 289.41 2793.41 0.10
3115.36 0.94 1185.03 3396.01 0.36
4200.89 1.05 1190.52 3226.03 0.38
2364.32 1.07 226.98 2992.79 0.08
4454.94 1.69 2593.84 4261.59 0.65
4469.01 1.82 2806.23 4434.83 0.69
4005.30 1.48 798.38 3119.45 0.26
3622.36 0.78 1217.89 3165.41 0.39
2477.15 0.46 224.29 2700.61 0.08
2040.22 0.44 253.00 2809.33 0.09
2441.84 0.95 421.70 2900.53 0.15
4481.37 0.87 28.39 3334.70 0.01
3707.19 1.67 2741.53 4291.64 0.69
3054.24 1.32 506.90 3055.31 0.17
3104.82 0.38 438.37 3068.47 0.14
3645.93 0.80 1279.03 3189.40 0.41
2272.93 0.59 327.47 2793.18 0.12
2447.92 0.81 366.03 2836.85 0.13
3707.51 1.26 2052.90 3721.69 0.58
2429.07 1.20 1459.61 3505.81 0.43
3779.34 1.18 662.70 2839.71 0.24
3945.82 1.86 3100.55 4668.56 0.73
4596.36 2.03 3226.34 4663.19 0.76
2352.53 0.56 563.95 3205.20 0.18
2899.63 0.82 917.33 3196.78 0.29
4122.65 0.66 533.17 2478.66 0.22
1599.34 0.90 88.02 3025.93 0.03
2504.90 1.36 1699.04 3637.94 0.49
3506.48 1.37 1731.43 3566.88 0.51
4948.19 1.85 3051.65 4640.53 0.72
4867.29 2.03 3393.51 4834.90 0.78
2193.18 0.65 794.14 3176.47 0.25
2727.25 0.74 734.01 3122.61 0.24
4400.27 1.30 2327.05 3921.23 0.64
4972.81 1.39 2638.35 4121.80 0.69
2928.51 0.84 751.30 3323.19 0.23
2312.19 1.07 112.69 2988.64 0.04
2386.96 1.32 441.01 3121.72 0.14
4632.08 1.47 759.85 3057.93 0.25
2916.34 0.51 387.13 2592.31 0.15
2325.46 0.59 695.83 3129.72 0.22
4320.80 0.90 1071.03 2928.68 0.37
3586.36 1.04 677.07 2733.04 0.25
2366.22 0.87 191.76 3325.99 0.06
4730.35 1.73 2572.39 4163.99 0.67
3314.50 1.30 590.27 3024.54 0.20
3498.79 1.48 711.79 3153.77 0.23
3939.54 0.62 752.22 2935.50 0.26
2624.60 0.63 316.77 2724.21 0.12
2636.70 0.90 799.47 3115.03 0.26
3545.44 0.85 509.36 2618.35 0.20
4221.18 1.50 2131.45 3817.36 0.59
2565.23 1.10 489.33 2968.80 0.17
3729.09 1.51 1764.87 3650.46 0.50
2375.47 1.40 269.12 3169.69 0.09
3720.54 0.58 758.09 3031.29 0.25
3952.31 1.02 1701.38 3407.54 0.52
2399.39 1.04 391.91 2968.09 0.13
4706.73 1.43 2858.00 4213.74 0.75
3817.83 1.62 2843.10 4274.03 0.73
4834.94 1.56 2339.85 4082.47 0.61
3697.00 1.99 3082.73 4697.32 0.72
4902.97 2.10 3494.48 4967.37 0.78
2423.38 0.39 81.26 2701.89 0.03
1526.29 0.60 452.17 3255.29 0.14
3791.70 1.00 561.70 2673.89 0.21
3328.01 0.59 595.02 2859.74 0.21
3279.95 0.39 515.91 2890.41 0.18
2573.87 0.81 1055.81 3229.26 0.33
2486.49 1.09 1333.22 3433.08 0.40
4364.83 1.31 1804.17 3431.07 0.55
4980.04 1.33 1328.78 3085.15 0.45
2893.57 1.64 2351.36 3997.93 0.63
4174.19 1.74 2359.79 4081.79 0.62
3673.33 2.04 3206.73 4729.23 0.75
2571.05 0.61 789.26 3135.11 0.25
2416.84 0.60 245.10 2755.09 0.09
3541.74 0.87 1225.81 3288.56 0.38
4889.49 1.39 2700.67 4120.04 0.71
3065.04 1.03 293.64 2838.98 0.10
4047.27 1.21 708.28 2806.32 0.26
2376.88 1.26 363.68 3088.14 0.12
3569.13 1.38 499.77 3042.33 0.17
4108.47 0.66 1053.71 3037.33 0.35
2218.11 0.50 559.76 3118.58 0.18
2470.15 0.57 247.87 2728.71 0.09
2976.38 1.07 415.39 2892.42 0.14
4766.10 1.61 3105.50 4550.73 0.75
3942.89 1.73 2898.54 4479.72 0.70
3008.76 1.33 450.41 3069.13 0.15
3510.26 1.99 2974.11 4595.05 0.70
2863.10 0.61 833.68 3232.85 0.26
2132.72 0.71 770.66 3305.76 0.24
4896.67 1.28 2517.85 3946.62 0.69
4999.28 1.28 1442.64 3059.91 0.49
1754.89 1.13 205.68 3092.22 0.07
3985.82 1.28 724.58 2913.70 0.25
4588.34 1.66 2187.04 3824.30 0.61
4301.34 2.00 2948.34 4604.88 0.69
2533.09 0.39 239.03 2664.96 0.09
1480.08 0.72 649.99 3226.21 0.20
4470.58 1.04 1793.46 3532.68 0.53
4973.79 1.16 1011.34 2852.59 0.36
2424.13 1.00 371.62 2930.51 0.13
4179.28 1.11 663.62 2721.84 0.25
3125.09 1.71 2444.79 4138.05 0.63
4702.03 2.16 3994.36 5464.55 0.82
1600.69 0.50 471.28 3167.73 0.15
3767.15 0.74 1243.23 3134.55 0.41
3815.65 0.86 1045.11 3059.57 0.35
2330.32 0.84 122.33 2880.58 0.04
3987.79 1.67 2763.31 4409.49 0.68
3163.31 0.37 301.08 2942.53 0.10
2954.80 0.70 879.90 3246.70 0.27
4137.82 0.85 1250.86 3271.16 0.39
2573.30 0.99 1236.76 3369.71 0.38
3620.58 0.93 583.02 2654.42 0.22
4144.89 1.32 1795.66 3550.96 0.53
2269.15 1.22 617.48 3067.01 0.20
4461.35 1.36 799.14 2954.21 0.27
3568.92 2.02 2922.64 4657.74 0.68
4228.22 0.59 495.89 2435.21 0.21
1717.69 0.12 1.77 2859.56 0.00
3344.86 1.14 1876.29 3527.90 0.56
2408.66 1.16 1402.51 3470.13 0.42
1824.16 0.36 123.36 2848.32 0.04
3662.20 0.91 1480.45 3298.42 0.47
3731.20 0.86 1370.26 3261.37 0.43
3204.32 1.03 1417.06 3358.59 0.44
2749.03 1.11 1290.02 3421.35 0.39
3288.51 1.34 1707.03 3569.09 0.50
2595.19 1.21 284.61 3023.60 0.09
2859.37 1.33 551.77 3069.58 0.18
2464.19 1.47 314.50 3212.74 0.10
4273.70 0.60 775.72 3064.91 0.26
1910.59 0.68 600.21 3209.97 0.19
3191.10 0.82 497.99 2662.57 0.19
2698.90 1.19 1191.99 3528.39 0.34
1643.82 0.92 314.42 3032.68 0.10
4013.01 1.25 716.80 2879.59 0.25
4493.74 1.40 926.06 2975.51 0.32
2851.53 1.45 514.36 3169.01 0.16
4892.64 0.77 1341.74 3092.75 0.45
2244.76 0.52 197.53 2787.03 0.07
2513.24 1.01 1277.79 3362.04 0.39
4178.79 1.50 2648.40 4184.29 0.69
2774.41 1.28 1173.43 3500.82 0.34
3577.29 1.26 680.13 2951.61 0.23
4655.98 1.93 3444.39 5103.87 0.74
4650.39 2.05 3090.88 4803.27 0.70
2115.92 0.43 420.05 3126.16 0.13
2431.36 0.93 1074.32 3324.57 0.33
3962.01 0.88 630.81 2539.13 0.25
3883.08 0.93 1424.26 3429.53 0.43
2315.69 1.01 374.05 2958.90 0.13
4452.40 1.60 2543.35 4180.88 0.65
3959.50 1.92 3226.29 4742.38 0.75
4771.24 2.16 4002.25 5509.53 0.81
2325.29 0.55 653.01 3125.94 0.21
2224.21 0.85 1001.31 3253.52 0.31
4276.58 1.26 2213.96 3840.70 0.61
4015.82 1.51 2627.40 4183.47 0.68
4737.11 0.82 226.16 3329.61 0.07
3322.16 1.52 1607.69 3706.92 0.45
3358.07 1.69 1913.22 3982.26 0.50
2826.66 1.71 2057.13 4021.15 0.54
4130.07 0.60 830.13 3042.03 0.28
-nan 0.79 83.18 3323.41 0.03
2765.05 0.56 303.06 2657.41 0.11
2866.10 1.19 1619.57 3564.92 0.47
4628.67 1.60 2561.21 4181.96 0.66
4962.62 0.99 117.12 3344.21 0.04
2289.37 1.26 404.11 3089.78 0.13
1942.07 1.44 1453.47 3570.40 0.42
2423.98 0.41 194.12 2706.35 0.07
1449.50 0.54 165.77 2982.87 0.06
4107.14 1.40 2435.31 4031.26 0.65
3190.96 1.22 1816.55 3630.43 0.52
3687.24 1.50 2446.18 4082.13 0.64
4158.28 1.76 3159.96 4616.04 0.75
4568.62 1.45 875.52 3050.77 0.29
3614.57 2.05 3136.82 4703.62 0.73
4383.81 0.83 1444.04 3233.44 0.46
4640.49 1.01 1880.06 3427.12 0.58
2192.00 0.70 369.19 2848.25 0.13
3839.36 1.05 1275.12 3093.25 0.42
3992.34 1.44 2095.08 3885.55 0.57
3238.25 1.66 2225.46 4137.34 0.57
4902.40 1.39 770.18 2914.08 0.27
3012.29 1.81 1810.75 3970.97 0.47
4408.86 0.37 172.62 3340.54 0.05
-nan 2.10 2018.35 3427.56 2.51
3551.01 0.98 1548.65 3367.53 0.48
2294.68 1.01 1215.75 3354.73 0.37
3717.61 1.42 1750.03 3648.43 0.50
4995.39 1.62 2081.13 3821.74 0.58
3497.42 1.38 496.96 3061.38 0.16
4993.77 2.04 3249.10 4932.37 0.72
4464.53 0.64 953.73 3112.17 0.31
2818.10 0.63 327.19 2661.84 0.12
2368.08 1.18 1540.20 3476.08 0.46
3724.74 1.12 1039.26 3052.46 0.35
2732.73 0.49 643.18 3048.01 0.21
3007.70 0.69 960.31 3148.83 0.31
2304.09 0.54 241.97 2768.23 0.09
3051.03 1.21 1773.47 3604.91 0.51
4966.14 1.46 2796.73 4286.68 0.71
3232.97 1.44 1915.06 3884.99 0.52
4985.96 1.73 2993.93 4533.72 0.72
4125.35 1.36 757.46 3005.31 0.25
2266.07 1.74 1672.27 3830.36 0.45
3287.47 0.79 1160.65 3207.49 0.37
4022.20 0.64 659.91 2706.35 0.25
1550.46 0.66 191.57 2992.91 0.06
3447.74 1.17 1815.71 3597.62 0.53
-nan 1.84 278.29 3322.94 0.08
3520.17 1.53 1911.75 3807.31 0.53
3115.16 1.68 2338.19 4103.61 0.61
4969.92 2.15 3727.90 5053.99 0.83
2349.77 0.49 436.19 3079.34 0.14
2876.06 0.85 1182.40 3250.57 0.37
3870.43 0.91 1380.87 3372.82 0.42
3982.39 1.18 1993.77 3630.87 0.58
2424.20 1.02 397.81 2945.74 0.14
4149.79 1.82 3333.21 4688.51 0.79
1858.13 1.52 1228.71 3595.75 0.35
3260.02 1.90 2088.47 4116.48 0.53
2316.31 0.57 514.38 3078.61 0.17
3771.25 0.81 1143.50 3310.02 0.35
3728.34 0.64 343.64 2448.62 0.14
2054.17 1.04 665.51 3385.70 0.20
2647.83 1.44 1970.81 3740.46 0.55
4352.75 1.07 255.27 3333.47 0.08
1481.17 1.23 261.72 3177.39 0.08
2666.10 0.70 939.22 3168.89 0.30
2358.35 0.55 674.16 3242.15 0.21
2396.54 0.72 712.95 3199.02 0.22
4670.30 1.10 1985.88 3631.20 0.58
4968.80 1.54 3250.07 4429.90 0.82
-nan 0.11 117.09 3326.16 0.04
4694.21 1.89 3786.92 5083.73 0.84
4552.85 1.96 3755.72 5107.67 0.83
1721.01 1.54 1007.56 3494.35 0.29
4065.45 0.48 691.10 3139.69 0.22
4191.45 0.78 978.42 2995.21 0.33
2223.38 0.78 908.95 3244.29 0.28
-nan 2.75 73.01 3324.36 0.02
4390.28 1.47 2576.13 4219.32 0.66
3172.72 1.65 2369.92 4092.56 0.62
4855.74 1.77 2537.15 4117.40 0.66
2904.62 1.95 2449.39 4252.03 0.61
4125.62 0.55 476.10 2645.76 0.18
2897.03 1.10 1605.17 3464.11 0.48
2453.25 0.77 670.94 3089.56 0.22
2891.15 1.12 1304.72 3445.26 0.39
3727.55 1.55 2508.04 4122.66 0.65
-nan 1.81 400.28 3324.65 0.12
2191.78 1.76 1982.04 3822.90 0.55
2010.53 1.75 1526.62 3748.80 0.42
1983.72 0.57 593.08 3165.24 0.19
2187.21 0.74 854.04 3195.07 0.27
1986.69 0.91 819.34 3349.37 0.25
1929.67 1.15 1261.74 3416.99 0.38
-nan 2.02 754.52 3323.91 0.23
-nan 1.58 7.94 3330.62 0.00
2122.75 1.60 1454.58 3710.68 0.40
1978.08 1.74 1643.20 3745.10 0.45
2256.67 0.69 852.38 3192.63 0.27
2191.55 0.98 1159.09 3338.73 0.35
2022.70 0.74 855.46 3224.00 0.27
1636.79 0.91 628.60 3298.31 0.19
1908.02 1.41 1387.75 3555.25 0.40
1636.02 1.36 1256.39 3478.49 0.37
-nan 1.58 431.95 3324.57 0.13
2491.94 1.84 2128.68 3992.47 0.56
3963.03 0.66 928.04 3138.28 0.30
4887.23 0.86 973.50 2687.42 0.37
2308.43 1.04 1296.70 3386.92 0.39
-nan 0.32 616.29 3325.72 0.19
4646.08 1.54 2561.95 4170.03 0.66
3241.79 1.59 2439.63 4056.50 0.65
4780.20 1.81 3522.04 4997.34 0.78
4708.57 2.05 3341.75 4744.00 0.78
1960.94 0.55 608.13 3161.11 0.19
2530.28 0.86 927.68 3311.42 0.28
4823.82 1.14 2102.05 3714.55 0.60
4956.14 1.36 2660.09 4103.69 0.71
3226.79 1.25 1228.04 3408.59 0.37
4689.08 1.84 3021.70 4569.69 0.72
4785.88 1.82 2750.76 4319.95 0.69
2979.18 1.83 2089.97 3994.01 0.55
4949.86 0.70 1021.54 3138.07 0.33
4026.94 0.89 1159.94 3151.14 0.38
2270.32 0.84 667.77 3188.07 0.21
3911.90 1.38 2325.79 3968.68 0.63
4991.10 1.66 3290.04 4758.10 0.76
4507.81 1.91 3651.50 4992.67 0.82
1863.39 1.51 1440.46 3595.76 0.41
3698.88 1.91 3061.80 4591.96 0.73
2990.40 0.58 703.95 3202.58 0.22
3185.43 1.12 1642.33 3521.61 0.49
4984.90 1.33 2752.58 4006.82 0.76
2784.17 1.16 1301.39 3439.79 0.39
2558.41 1.26 1599.21 3580.13 0.46
4632.81 1.68 2105.55 3854.90 0.58
3151.85 1.77 2471.43 4239.23 0.62
4021.65 2.05 3418.83 4932.47 0.77
4392.83 0.61 757.86 2745.66 0.28
2559.30 1.00 1303.92 3362.90 0.40
2406.41 0.99 1340.47 3339.61 0.41
4670.09 1.29 2166.57 3979.44 0.58
3974.10 1.36 1735.50 3540.01 0.51
3021.83 1.51 1711.67 3782.32 0.47
4959.65 1.92 3084.80 4514.80 0.75
4804.44 2.06 3518.47 4965.92 0.79
1763.85 0.49 580.73 3153.07 0.19
2407.74 0.62 638.00 3227.28 0.20
3848.93 0.74 1023.36 3235.27 0.32
3472.82 1.04 1550.43 3468.10 0.46
4526.73 1.76 3405.42 4735.08 0.80
4543.30 1.80 3419.47 4859.82 0.78
2196.82 1.56 1690.68 3706.54 0.47
4534.91 2.11 3966.11 5285.31 0.85
1665.50 0.45 342.22 3209.53 0.11
3263.53 0.75 899.45 3131.54 0.29
4016.18 1.16 1921.50 3656.03 0.55
3089.81 0.39 507.72 2987.13 0.17
1782.95 0.62 622.91 3195.56 0.20
2648.21 0.89 1211.02 3282.40 0.38
3798.41 0.95 1385.84 3425.62 0.42
4206.01 1.19 1751.06 3580.52 0.51
2690.71 1.33 1712.70 3655.94 0.49
4116.53 1.66 2265.99 4148.61 0.58
2408.09 1.69 1908.64 3869.31 0.52
4933.60 2.17 4462.43 5643.97 0.91
4304.52 0.61 901.41 3182.96 0.29
3260.17 0.90 1238.94 3326.43 0.38
2422.80 0.81 958.17 3257.53 0.30
3670.12 1.40 2248.87 3940.91 0.61
4845.99 1.56 2458.11 3987.68 0.66
3370.38 1.63 2457.12 4164.11 0.63
2499.61 1.70 1823.45 3897.83 0.49
4240.99 2.02 2995.98 4620.42 0.71
1919.59 0.48 236.24 3126.37 0.08
1825.81 0.61 647.42 3184.64 0.20
3522.45 0.55 585.62 2806.58 0.21
2220.69 1.30 1457.09 3553.18 0.42
-nan 1.55 251.46 3326.79 0.08
2582.47 1.32 1053.04 3405.56 0.31
4207.83 1.96 3595.27 4938.56 0.82
4411.68 2.11 3813.53 5231.34 0.82
1758.92 0.55 524.39 3165.75 0.17
3371.35 0.51 778.66 3018.58 0.26
2668.78 0.51 660.50 3214.42 0.21
-nan 2.20 549.15 3320.91 0.17
1571.13 1.38 1135.00 3486.46 0.33
4630.42 1.59 2267.44 3892.27 0.62
4145.33 1.72 2313.37 4044.81 0.61
4868.19 2.04 4052.55 5393.12 0.85
2113.20 0.47 571.89 3232.55 0.18
2719.68 0.84 1085.11 3238.79 0.34
1746.82 0.91 880.19 3287.13 0.27
1532.00 0.82 328.11 3230.08 0.10
3736.47 1.42 2335.76 3974.09 0.63
4994.23 1.84 3690.97 5135.05 0.80
4592.58 1.99 3644.13 5157.86 0.78
2385.28 1.76 1438.28 3766.02 0.39
2705.13 0.67 995.90 3142.94 0.32
1837.65 0.74 772.27 3218.88 0.24
4819.10 1.10 2010.10 3643.64 0.58
2168.95 1.12 1263.41 3431.07 0.38
2530.77 1.31 1405.23 3529.51 0.41
3735.00 1.74 2666.58 4394.97 0.65
2204.86 1.55 1684.06 3709.64 0.47
4873.34 2.14 3809.71 5082.19 0.85
4427.10 0.68 949.22 3017.37 0.32
2342.27 0.80 948.12 3237.45 0.30
3199.55 0.88 1106.59 3319.85 0.34
2514.03 1.49 1812.65 3769.41 0.50
4844.05 1.68 3548.56 4752.36 0.84
2982.25 1.48 1628.16 3661.07 0.46
2049.34 1.58 1569.88 3688.19 0.44
4696.05 2.13 4020.87 5447.16 0.83
4547.20 0.87 1590.16 3256.86 0.51
3703.66 0.97 1630.19 3369.04 0.51
2322.66 0.98 1154.28 3335.99 0.35
4804.99 1.05 1198.42 3092.23 0.40
4404.29 1.68 3204.28 4574.54 0.78
4081.24 1.71 2163.98 4076.55 0.56
4914.15 1.96 3743.65 5304.56 0.78
4979.44 1.89 2588.25 4363.40 0.63
2342.57 0.62 740.16 3159.76 0.24
2864.55 0.78 876.71 3174.84 0.28
2924.70 1.03 1460.81 3421.66 0.44
4672.14 1.31 2453.75 3948.00 0.67
2651.28 1.47 1739.52 3768.06 0.48
4298.68 1.57 2831.57 4341.28 0.71
2392.22 1.65 1940.64 3824.05 0.53
3512.22 1.98 2982.03 4575.07 0.71
2323.48 0.57 663.57 3224.08 0.21
3117.71 0.84 1220.03 3237.61 0.39
3686.95 1.18 1916.11 3628.87 0.56
2926.62 1.27 1780.78 3644.91 0.51
4211.21 1.61 2976.45 4405.81 0.74
3562.12 1.65 2596.09 4237.53 0.66
4804.30 2.00 4001.52 5291.63 0.86
1886.10 1.70 1503.55 3683.69 0.42
3931.24 0.50 551.76 2846.42 0.20
3458.70 0.91 1390.60 3289.57 0.44
2398.09 0.96 1153.73 3335.40 0.35
-nan 3.01 373.65 3325.56 0.11
4975.99 1.72 3523.90 4830.00 0.82
4646.70 1.82 3376.63 4932.48 0.75
2421.19 1.71 1957.42 3870.34 0.53
4065.27 2.01 2690.20 4486.19 0.64
2192.26 0.58 691.13 3147.41 0.22
4431.35 0.78 1299.73 3195.71 0.42
4048.91 1.09 1374.05 3466.45 0.41
4493.48 1.43 2745.06 4154.36 0.72
3202.71 1.64 2389.78 4105.08 0.62
4022.52 1.60 2126.90 3865.17 0.58
2479.97 0.27 386.72 3024.92 0.13
4228.35 0.49 594.94 2984.23 0.20
3399.54 0.95 1408.71 3354.74 0.43
3551.63 0.88 1265.85 3385.78 0.38
2491.77 1.14 1429.86 3474.04 0.42
4869.25 1.67 3371.59 4742.36 0.79
3055.13 1.48 2018.89 3882.01 0.55
4851.94 2.02 3843.13 5361.48 0.80
1949.21 1.66 1515.84 3685.73 0.42
3996.09 0.50 454.43 2472.37 0.18
1825.38 0.75 837.42 3230.18 0.26
2355.95 0.84 809.97 3235.82 0.25
4941.08 1.37 2580.51 4155.06 0.67
4196.50 1.39 1772.74 3536.71 0.53
3760.42 1.71 2829.18 4378.82 0.70
2832.40 1.71 1695.00 3873.90 0.45
4992.63 2.10 3647.65 5040.52 0.81
1878.67 0.52 551.45 3153.54 0.18
2404.38 0.79 793.03 3316.70 0.24
4786.46 1.31 2457.23 3993.52 0.66
4973.05 1.51 3062.85 4363.96 0.78
3505.93 1.32 1475.50 3521.04 0.43
1663.62 0.39 397.68 3140.72 0.13
2706.22 0.24 335.37 2992.53 0.11
2357.00 0.76 938.35 3220.22 0.30
4111.81 0.64 561.46 2481.91 0.23
2061.75 0.90 964.94 3303.53 0.30
3078.75 1.35 1998.57 3754.12 0.56
4672.91 1.45 2287.66 3931.91 0.62
2436.68 1.24 1576.58 3529.10 0.46
3747.65 1.70 2177.89 4039.58 0.57
2288.12 1.76 1862.65 3867.68 0.50
4884.08 0.81 1409.56 3139.13 0.47
2233.42 0.80 902.45 3246.70 0.28
4097.00 1.06 1244.54 3070.95 0.42
4209.65 1.12 1524.45 3366.31 0.47
-nan 2.36 327.61 3321.37 0.10
4644.35 1.57 2514.41 4138.44 0.65
4075.69 1.79 2619.77 4231.56 0.67
4839.17 2.04 3370.64 4896.36 0.76
1811.38 0.54 549.40 3167.24 0.17
2425.88 1.02 1253.80 3362.80 0.38
4096.74 1.25 2136.75 3787.59 0.60
3599.03 1.19 1389.55 3314.30 0.43
2725.72 1.31 1393.02 3570.61 0.40
4074.87 1.98 3433.05 4892.40 0.78
3792.38 1.89 2863.52 4645.03 0.66
2652.28 1.73 1794.14 3819.16 0.49
2838.08 0.71 1052.14 3155.91 0.34
2382.81 0.58 576.75 3143.58 0.18
2683.44 0.91 995.05 3276.96 0.31
-nan 2.81 1291.91 1702.56 0.86
2187.70 1.15 749.32 3318.01 0.23
4978.94 1.59 2539.21 4317.34 0.63
3008.75 1.70 2278.03 4099.97 0.59
3042.51 0.36 506.97 2986.60 0.17
2592.59 0.72 932.63 3191.72 0.30
3436.22 0.83 904.46 3047.77 0.30
4114.67 1.30 2379.79 3855.63 0.67
2841.48 1.27 1752.50 3632.52 0.50
4293.26 1.60 2907.37 4368.10 0.73
1787.44 0.20 216.93 3096.31 0.07
2818.14 0.74 794.86 3116.83 0.26
3534.90 0.55 808.46 3026.11 0.27
-nan 2.50 468.25 3321.57 0.14
3389.73 1.40 2161.43 3871.05 0.59
3102.36 1.47 1951.88 3888.91 0.53
4894.06 1.81 3634.43 5013.87 0.81
4552.05 1.94 3741.88 5088.57 0.83
1736.16 1.72 1491.21 3642.21 0.42
2698.34 0.70 917.01 3181.29 0.29
4150.75 1.32 2347.32 3867.83 0.65
2233.05 1.00 1174.08 3352.40 0.36
4983.00 1.55 3232.17 4520.46 0.80
3880.79 1.44 1853.41 3816.77 0.51
3311.95 1.70 2327.48 4213.49 0.59
3611.31 2.00 3098.57 4673.06 0.72
4867.07 2.10 3346.15 4947.08 0.74
1988.32 0.54 587.21 3155.52 0.19
2650.17 0.96 1205.25 3328.89 0.37
3655.18 0.99 1185.26 3075.56 0.40
4952.16 1.29 2480.02 3964.20 0.68
2909.47 1.33 1249.52 3587.55 0.36
4542.43 1.82 3328.07 4886.53 0.75
4330.81 1.76 2372.35 4100.65 0.62
3748.31 1.98 2717.55 4428.45 0.66
-nan 2.93 295.99 3325.82 0.09
3809.68 0.91 1339.34 3326.87 0.41
4969.74 1.24 2090.08 3697.15 0.60
2223.22 1.17 1355.61 3457.21 0.40
3022.09 0.51 725.58 3031.76 0.24
2728.90 0.87 1168.83 3283.75 0.36
3114.06 0.87 1266.81 3278.90 0.40
2963.23 0.78 773.04 3020.05 0.26
2368.04 1.10 1416.98 3411.12 0.43
3392.26 1.44 2167.26 3917.23 0.59
3547.88 1.47 1630.19 3659.18 0.46
3076.56 1.79 2622.44 4212.52 0.67
4283.13 2.09 3522.22 5144.72 0.75
4493.85 0.85 1459.42 3249.65 0.47
4484.27 1.03 1806.81 3435.30 0.55
2235.83 0.86 975.49 3269.24 0.30
4507.35 1.30 1891.81 3783.24 0.52
3408.25 0.54 767.16 3041.51 0.25
4145.13 0.88 1471.77 3247.68 0.47
2105.50 0.77 834.48 3234.48 0.26
4802.33 1.13 2080.71 3691.90 0.60
2666.35 0.06 197.48 2988.97 0.07
2365.14 0.71 901.20 3198.28 0.29
4425.67 0.84 841.97 2623.41 0.33
2491.12 1.03 1254.73 3396.42 0.38
4203.02 1.37 2134.50 4000.77 0.56
4852.46 1.58 3088.41 4510.42 0.75
3952.89 1.63 2246.74 3982.21 0.60
4108.86 1.80 2498.38 4177.96 0.64
4854.89 2.04 3492.36 4935.85 0.79
1762.20 0.47 482.08 3155.61 0.15
2429.70 0.75 1066.60 3207.27 0.34
4821.29 1.09 1215.95 2783.52 0.45
4335.46 1.21 1401.41 3104.69 0.47
2450.99 1.36 1696.46 3628.32 0.49
3903.98 1.56 2424.95 4227.90 0.61
2983.85 1.78 2300.76 4160.08 0.59
4273.73 1.95 2915.82 4501.79 0.70
1948.47 0.59 603.45 3166.93 0.19
3330.05 0.67 984.38 3100.58 0.32
4079.59 1.22 2073.20 3748.22 0.59
3466.35 1.12 1086.44 3275.33 0.34
4470.21 1.36 1755.10 3447.43 0.53
2802.38 1.55 2200.85 3889.69 0.60
4870.07 1.86 2900.23 4428.31 0.71
4547.38 2.14 3783.33 5339.06 0.79
1714.90 0.57 521.37 3185.11 0.16
3072.20 0.93 1351.11 3312.94 0.42
3602.98 1.06 1331.95 3268.85 0.42
2342.50 1.23 1475.88 3509.29 0.43
4004.18 1.47 2117.46 3744.16 0.60
2466.71 1.52 1834.10 3764.56 0.51
4946.52 1.84 2764.12 4368.68 0.69
3997.69 1.96 2929.93 4458.80 0.72
3091.23 0.65 935.39 3105.37 0.31
2545.72 0.73 934.58 3178.77 0.30
3213.52 0.30 156.61 3317.10 0.05
3431.08 0.70 1059.06 3121.03 0.35
2313.36 0.69 596.53 3129.87 0.19
3126.82 0.97 1209.75 3346.83 0.37
3496.33 1.31 2003.02 3795.00 0.56
4323.10 1.35 2120.24 3866.95 0.58
3137.19 1.65 2137.02 4098.64 0.55
4863.40 1.95 3981.96 5281.10 0.85
4739.12 2.03 3422.87 4876.01 0.78
2414.75 0.64 576.23 3221.98 0.18
2423.44 0.64 672.19 3138.68 0.22
4707.66 1.10 1757.61 3564.89 0.52
4803.14 1.58 3164.45 4492.88 0.78
3439.81 1.54 2511.90 4071.42 0.66
4978.48 1.85 3778.09 5128.65 0.83
3665.57 1.63 2013.95 3890.48 0.54
3750.89 1.95 2570.30 4330.31 0.64
4719.65 0.69 871.80 2813.22 0.32
2242.78 0.57 411.68 3205.60 0.13
4722.62 1.18 2145.00 3722.85 0.61
2478.58 1.13 1445.85 3449.46 0.43
3738.09 1.58 2539.95 4160.30 0.66
2172.19 1.49 1721.70 3657.23 0.49
3712.83 1.90 3084.62 4610.25 0.73
2794.09 1.89 1929.25 4019.03 0.50
-nan 1.90 9.56 3376.07 0.00
1753.95 0.48 374.74 3327.32 0.11
4661.21 0.86 725.73 2457.15 0.30
2662.24 1.27 1187.81 3555.67 0.34
2082.74 1.28 1538.23 3505.29 0.45
-nan 2.65 829.95 2439.89 0.35
2301.48 1.70 1885.05 3832.15 0.51
4090.12 1.99 2896.65 4542.05 0.69
3769.68 0.40 614.53 2926.52 0.21
3040.68 0.85 1030.37 3328.03 0.31
4972.38 1.08 1479.50 3142.90 0.49
2250.09 1.05 784.17 3419.37 0.23
4441.56 1.75 3153.70 4706.78 0.73
2211.28 1.49 1742.19 3669.63 0.49
3688.70 1.90 3042.51 4583.48 0.73
2427.58 1.76 1929.94 3926.14 0.51
4986.34 0.72 1037.61 2968.60 0.36
2248.02 0.82 864.33 3263.37 0.27
3710.50 1.26 1902.80 3739.20 0.53
4859.29 1.37 2323.43 3864.14 0.65
2666.51 1.38 1862.80 3689.42 0.53
4270.07 1.67 2337.60 4190.32 0.59
2686.52 1.73 1902.88 4013.77 0.49
3359.29 1.83 2000.35 4086.19 0.51
4958.00 0.72 834.54 2555.08 0.33
3380.64 1.00 1524.78 3382.95 0.47
2246.52 0.79 622.11 3177.16 0.20
3358.41 1.13 1222.01 3450.83 0.36
4991.65 1.58 3182.48 4571.97 0.77
4195.90 1.75 3062.05 4624.34 0.72
2989.91 1.77 2342.87 4148.90 0.60
5003.60 2.06 3551.55 5012.03 0.79
1914.13 0.45 489.10 3131.43 0.16
3461.91 0.80 963.54 3076.08 0.32
2305.36 0.88 1008.81 3290.37 0.31
4337.07 1.28 1823.79 3601.58 0.53
2673.99 0.64 847.72 3133.20 0.27
2362.76 0.55 463.71 3026.39 0.15
3071.96 0.67 953.25 3117.99 0.31
3310.64 1.09 1609.11 3500.49 0.48
4113.04 1.33 1886.18 3663.35 0.54
2755.40 1.34 1698.15 3678.81 0.48
3890.20 1.81 2840.78 4574.36 0.67
4672.41 1.92 3868.44 5091.72 0.86
2310.24 1.73 1358.85 3715.02 0.37
3722.39 0.63 837.30 3077.48 0.28
4908.00 0.97 1385.72 3204.60 0.45
2152.76 0.91 998.35 3297.75 0.31
4907.75 1.37 2394.89 4155.92 0.61
4328.20 0.46 618.01 2870.73 0.22
3051.21 0.76 1107.20 3190.00 0.35
2481.96 0.87 1103.34 3270.04 0.34
2949.99 0.57 709.44 3218.99 0.22
4117.17 0.35 196.98 2617.59 0.08
2234.86 0.44 364.92 3043.50 0.12
2438.33 0.78 1073.83 3223.25 0.34
4063.55 0.89 1327.29 3237.61 0.42
3935.89 1.31 2186.41 3821.26 0.61
2219.13 1.11 1240.43 3418.09 0.37
2927.31 1.43 1930.18 3801.11 0.53
4958.19 1.67 2887.60 4420.17 0.71
3862.73 1.66 1977.29 3843.70 0.54
2964.79 1.80 2362.87 4169.88 0.60
4989.41 0.68 752.56 2445.76 0.31
2746.03 0.61 755.77 3149.02 0.24
3855.22 1.21 2015.17 3694.45 0.58
2896.45 1.16 1380.52 3467.04 0.41
4264.88 1.56 2048.57 3903.28 0.55
1558.58 1.47 1177.14 3518.90 0.34
4262.74 1.90 2466.43 4479.74 0.58
3441.80 1.96 3015.03 4541.14 0.73
2667.34 0.61 775.44 3195.97 0.25
2259.28 0.71 831.19 3191.40 0.26
4854.54 1.23 1925.73 3570.58 0.57
-nan 1.77 165.97 3351.77 0.05
-nan 0.10 2.40 3325.67 0.00
4475.74 1.63 2202.70 3879.67 0.60
2891.89 1.63 2203.42 4000.96 0.58
-nan 1.39 350.87 3322.72 0.11
4636.51 0.66 1073.32 3205.15 0.34
3733.98 1.00 1584.40 3423.24 0.48
3075.48 1.11 1560.39 3507.33 0.46
3028.88 1.30 1897.03 3690.65 0.54
4801.91 1.52 2962.69 4387.16 0.74
3592.92 1.70 2782.14 4326.90 0.70
4159.24 1.85 3312.33 4754.52 0.77
4992.84 2.10 3588.99 5073.37 0.79
2197.17 0.50 557.26 3191.14 0.18
2585.02 0.53 426.88 3019.07 0.14
3563.36 0.94 988.54 3026.95 0.33
1600.37 0.92 662.76 3338.47 0.20
2623.20 1.51 1925.44 3803.12 0.53
4506.40 1.66 2454.84 3991.36 0.66
4261.66 1.68 2411.96 4085.41 0.63
3015.43 1.94 2542.25 4300.57 0.63
4174.23 0.78 1248.25 3287.80 0.39
4730.45 1.23 2305.67 3812.68 0.65
2457.10 1.00 1253.43 3362.53 0.38
3252.42 1.09 1662.05 3504.46 0.49
4822.94 1.55 2538.78 4118.66 0.66
2965.90 1.56 1992.07 3938.98 0.53
4995.48 2.03 4086.12 5488.19 0.84
4438.32 2.07 3829.92 5205.13 0.83
1713.50 0.55 533.79 3175.70 0.17
2772.14 0.78 881.84 3120.81 0.29
3668.96 1.30 2091.84 3806.90 0.58
3389.92 1.05 1182.95 3292.59 0.37
2624.91 1.36 1595.58 3663.82 0.45
4268.89 1.66 2303.56 3924.99 0.63
2603.28 1.67 2018.28 3941.94 0.54
4165.11 2.05 3582.07 5025.64 0.79
4370.19 0.55 436.27 2276.09 0.19
2019.82 0.80 875.86 3241.54 0.27
2993.55 0.58 812.56 3084.42 0.27
3356.86 1.20 1522.56 3531.47 0.45
5010.97 1.64 3465.26 4681.71 0.83
3901.62 1.60 2126.10 3937.88 0.57
3777.88 1.82 2987.57 4540.94 0.72
3067.82 1.88 2229.37 4049.15 0.58
4555.13 0.78 1309.74 3172.59 0.43
4380.73 0.81 699.38 2522.70 0.28
2390.25 1.07 1159.89 3410.95 0.35
2360.32 0.44 493.30 3084.80 0.16
2749.47 0.26 248.81 3011.82 0.08
3370.65 0.91 1346.66 3325.26 0.42
4539.51 1.10 1873.52 3567.30 0.55
2309.54 1.08 1234.13 3395.67 0.37
4250.91 1.50 2495.79 4223.53 0.63
3151.61 1.57 2097.15 4017.07 0.55
4845.07 1.90 3129.95 4653.92 0.74
2629.64 1.90 2161.93 3969.82 0.58
4047.50 0.88 1489.52 3300.77 0.47
-nan 2.04 48.30 3323.32 0.01
2656.87 0.95 1151.34 3335.57 0.35
2889.72 1.16 1391.64 3524.26 0.41
4129.93 1.57 2721.26 4278.37 0.69
2476.70 1.36 1502.40 3573.23 0.43
4334.31 1.94 3559.81 4975.73 0.80
4378.61 2.11 3928.92 5202.63 0.86
1759.75 0.70 687.47 3209.36 0.22
4717.10 1.01 1794.50 3471.56 0.54
5010.70 1.32 2574.52 4019.17 0.70
2622.09 1.25 1636.48 3566.52 0.48
4123.42 1.58 2884.83 4274.50 0.74
2491.07 1.35 1228.61 3524.44 0.36
4203.38 1.95 3507.36 4913.39 0.79
4455.45 2.15 3881.93 5304.47 0.82
2170.52 0.59 633.14 3154.24 0.20
3443.63 1.05 1621.11 3447.86 0.49
2801.35 1.04 1422.20 3401.98 0.43
2280.45 1.14 1463.28 3440.47 0.44
1553.31 1.26 1045.20 3432.64 0.31
4735.45 1.76 3460.79 4851.84 0.79
4623.16 1.95 3714.67 5116.49 0.81
1867.53 1.62 1486.31 3644.48 0.42
4169.28 0.82 1332.31 3231.58 0.42
4960.76 0.98 1528.62 3274.99 0.49
2208.50 1.04 1307.29 3367.79 0.40
-nan 2.96 15.50 3326.12 0.00
3994.14 1.70 2829.66 4414.50 0.70
2036.51 1.45 1618.85 3604.13 0.47
3747.30 1.86 3019.88 4574.60 0.72
2731.43 1.78 2147.49 4065.12 0.56
-nan 2.18 162.24 3329.85 0.05
2542.13 0.79 993.69 3236.74 0.31
2692.02 0.83 691.16 3054.51 0.23
3980.53 1.14 1615.27 3474.64 0.48
1524.05 1.25 1107.00 3421.97 0.33
3631.28 1.73 2877.01 4369.60 0.72
4114.91 1.89 2664.11 4323.41 0.66
4825.10 2.23 4269.75 5638.15 0.86
1549.48 0.43 424.29 3164.96 0.13
3143.24 0.69 968.99 3207.12 0.31
3385.29 1.02 1505.46 3485.19 0.45
-nan 1.74 205.44 3326.65 0.06
2775.67 1.41 2096.60 3743.69 0.59
4690.46 1.71 2735.41 4315.99 0.69
3386.52 1.66 1943.27 3906.26 0.52
4791.03 2.00 3228.55 4782.57 0.74
4635.70 0.49 326.59 2223.46 0.15
1603.47 0.71 635.58 3227.07 0.20
4428.29 1.32 2401.92 3897.38 0.66
2798.08 0.98 1257.96 3361.62 0.38
2832.98 1.34 1822.16 3690.32 0.52
2748.66 1.60 1923.29 3899.16 0.52
4798.63 1.88 2946.91 4467.96 0.72
2484.82 1.68 1828.49 3879.86 0.49
3507.74 0.57 874.65 3031.20 0.29
3420.54 0.79 1129.59 3219.38 0.36
4123.86 0.84 1038.44 2905.29 0.37
3423.07 1.19 1578.88 3503.40 0.47
4151.45 1.55 2769.12 4277.68 0.70
3715.41 1.78 2489.40 4465.46 0.59
2428.62 1.75 1817.72 3913.36 0.48
4852.50 2.19 4351.56 5610.34 0.89
2170.93 0.56 623.93 3144.23 0.20
3206.52 0.79 1176.74 3196.05 0.38
-nan 0.94 50.73 3324.07 0.02
-nan 0.65 1515.35 7713.35 0.20
-nan 0.52 7603.00 7666.79 1.44
-nan 0.24 2440.84 7674.38 0.32
-nan 0.13 188.18 3331.77 0.06
1250.88 0.04 2015.53 7774.67 0.26
-nan 0.74 275.21 3320.77 0.08
3090.50 0.42 553.13 2945.48 0.19
2119.29 0.29 295.26 3167.58 0.09
3653.82 0.83 1303.91 3218.74 0.42
3607.76 0.28 335.38 2816.65 0.12
2615.43 0.57 766.46 3099.43 0.25
1830.49 0.57 472.11 3181.19 0.15
3657.49 1.29 2118.69 3779.30 0.60
3090.20 1.33 1950.32 3686.85 0.56
1991.05 1.34 1256.16 3483.40 0.37
2223.07 1.82 1375.39 3705.02 0.38
2985.91 1.71 2349.71 4076.75 0.61
3293.61 1.96 2507.00 4234.83 0.63
1811.73 0.50 508.38 3194.99 0.16
3742.13 0.68 1097.58 3117.62 0.36
2730.28 0.92 1011.26 3207.13 0.32
2101.80 0.92 1039.70 3294.29 0.32
3631.14 1.38 1920.60 3793.88 0.53
1535.96 1.43 1087.16 3484.58 0.32
2197.21 1.57 1678.61 3706.57 0.47
2974.23 1.93 2155.16 4108.02 0.55
1403.86 0.52 483.01 3174.92 0.15
2572.95 0.77 1054.45 3199.50 0.34
2003.85 0.32 448.95 3081.24 0.15
